probeset_id	NIH14C8203436	NIH14D3015342	NIH14D3017479	NIH14D3032553	NIH14D3034435	NIH14D3051809	NIH14D3057444	NIH14D3057514	NIH14D3061071	NIH14D3076865	NIH14D3079968	NIH14D3086458	NIH14D3099798	NIH14D3100074	NIH14D3101061	NIH14D3102257	NIH14D3118088	NIH14D3118460	NIH14D3121736	NIH14D3126676	NIH14D3126721	NIH14D3135355	NIH14D3140210	NIH14D3152863	NIH14D3153690	NIH14D3154364	NIH14D3191908	NIH14D3193715	NIH14D3206625	NIH14D3217629	NIH14D3218958	NIH14D3221146	NIH14D3222686	NIH14D3235228	NIH14D3239757	NIH14D3255440	NIH14D3257419	NIH14D3260789	NIH14D3265946	NIH14D3269752	NIH14D3277352	NIH14D3282735	NIH14D3288360	NIH14D3307052	NIH14D3307544	NIH14D3330751	NIH14D3339670	NIH14D3342352	NIH14D3344552	NIH14D3344753	NIH14D3351634	NIH14D3357339	NIH14D3364742	NIH14D3365205	NIH14D3366434	NIH14D3368431	NIH14D3370963	NIH14D3373846	NIH14D3374400	NIH14D3376563	NIH14D3382323	NIH14D3384555	NIH14D3391442	NIH14D3391908	NIH14D3393059	NIH14D3394774	NIH14D3433433	NIH14D3440618	NIH14D3455237	NIH14D3459473	NIH14D3466833	NIH14D3477245	NIH14D3479435	NIH14D3487638	NIH14D3488300	NIH14D3491131	NIH14D3492107	NIH14D3498563	NIH14D3508414	NIH14D3518217	NIH14D3541433	NIH14D3541729	NIH14D3545823	NIH14D3549810	NIH14D3556486	NIH14D3566021	NIH14D3574500	NIH14D3578274	NIH14D3579066	NIH14D3583858	NIH14D3584205	NIH14D3593196	NIH14D3617734	NIH14D3642380	NIH14D3654843	NIH14D3659148	NIH14D3660790	NIH14D3671514	NIH14D3677764	NIH14D3681604	NIH14D3699364	NIH14D3717222	NIH14D3718440	NIH14D3729955	NIH14D3731715	NIH14D3735241	NIH14D3735478	NIH14D3736669	NIH14D3737614	NIH14D3743173	NIH14D3745065	NIH14D3745309	NIH14D3747033	NIH14D3748375	NIH14D3752839	NIH14D3753559	NIH14D3753968	NIH14D3756220	NIH14D3758130	NIH14D3770617	NIH14D3771993	NIH14D3778760	NIH14D3783378	NIH14D3786504	NIH14D3806101	NIH14D3807244	NIH14D3807544	NIH14D3829732	NIH14D3830740	NIH14D3831206	NIH14D3840875	NIH14D3842876	NIH14D3847270	NIH14D3852990	NIH14D3864189	NIH14D3866420	NIH14D3893122	NIH14D3906504	NIH14D3911847	NIH14D3913453	NIH14D3916034	NIH14D3925482	NIH14D3933226	NIH14D3967535	NIH14D3979425	NIH14D3981713	NIH14D3992344
rs1042815	1	1	1	1	1	1	1	1	1	1	1	1	1	1	1	1	1	1	1	1	1	1	1	1	1	1	1	1	1	1	1	1	1	1	1	1	1	1	1	1	1	1	1	1	1	1	1	1	1	1	1	1	1	1	1	1	1	1	1	1	1	1	1	1	1	1	1	1	1	NA	1	1	1	1	1	1	1	1	1	1	1	1	1	1	1	1	1	1	1	1	1	1	1	1	1	1	1	1	1	1	1	1	1	1	1	1	1	1	1	1	1	1	1	1	1	1	1	1	1	1	1	1	1	1	1	1	1	1	1	1	1	1	1	1	1	1	1	1	1	1	1	1	1	1	1	1	1
rs10510072	1	1	1	1	1	1	1	1	1	1	1	1	1	1	1	1	1	1	1	1	1	1	1	1	1	1	1	1	1	1	1	1	1	1	1	1	1	1	1	1	1	1	1	1	1	1	1	1	1	1	1	1	1	1	1	1	1	1	1	NA	1	1	1	1	1	1	1	1	1	1	1	1	1	1	1	1	1	1	1	1	1	1	1	1	1	1	1	1	1	1	1	1	1	NA	1	1	1	1	1	1	1	NA	1	1	1	1	1	1	1	1	1	1	1	1	1	1	1	1	1	NA	1	1	1	1	1	1	1	1	1	1	1	1	1	1	1	1	1	1	1	1	1	1	1	1	1	1	1
rs1065674	1	1	1	1	1	1	1	1	1	1	1	NA	1	1	1	1	1	1	1	1	1	1	1	1	1	1	1	1	1	1	1	1	1	1	1	1	1	1	1	1	1	1	1	1	1	1	1	1	1	1	1	1	1	1	1	1	1	1	1	1	1	1	1	1	1	1	1	1	1	1	1	1	1	1	1	1	1	1	1	1	1	1	1	1	1	1	1	1	1	1	1	1	1	1	1	1	1	1	1	1	1	1	1	1	1	1	NA	1	1	1	1	1	1	1	1	1	1	1	1	1	1	1	1	1	1	1	1	1	1	1	1	1	1	1	1	1	1	1	1	1	1	1	1	1	1	1	1
rs10899795	1	1	1	1	1	1	1	1	1	NA	1	1	1	1	1	1	1	1	1	1	1	1	1	1	1	1	NA	1	1	1	1	1	1	1	1	1	1	1	1	1	1	1	1	1	1	1	1	1	1	1	1	1	1	1	1	NA	1	1	NA	1	1	1	1	1	1	1	1	1	1	1	1	1	1	1	1	1	1	1	1	1	1	1	1	1	1	1	1	1	1	1	1	1	1	1	1	1	1	1	1	1	1	1	1	1	1	1	1	1	1	1	1	1	1	1	1	1	1	1	1	NA	1	1	1	1	1	1	1	1	1	1	1	1	1	1	1	NA	1	1	1	1	1	1	1	1	1	1	1
rs1129038	1	1	1	1	1	1	1	1	1	1	1	1	1	1	1	1	1	1	1	1	1	1	1	1	1	1	1	1	1	1	1	1	1	1	1	1	1	0	1	1	1	1	1	1	1	1	1	1	1	1	1	1	1	1	1	1	1	1	1	1	1	1	1	1	1	1	1	1	1	1	1	1	1	1	1	1	1	1	1	1	1	1	1	1	1	1	1	1	1	1	1	1	1	1	1	1	1	1	1	1	1	1	1	1	1	1	1	1	1	1	1	1	1	1	1	1	1	1	1	1	1	1	1	1	1	1	1	1	1	1	1	1	1	1	1	1	1	1	1	1	1	1	1	1	1	1	1
rs13706	1	1	1	1	1	1	1	1	1	1	1	1	1	1	1	1	1	1	1	1	1	1	1	1	1	1	1	1	1	1	1	1	1	1	1	1	1	0	1	1	1	1	1	1	1	1	1	1	1	1	1	1	1	1	1	1	1	1	1	1	1	1	1	1	1	1	1	1	1	1	1	1	1	1	1	1	1	1	1	1	1	1	1	1	1	1	1	1	1	1	1	1	1	1	1	1	1	1	1	1	1	1	1	1	1	1	1	1	1	1	1	1	1	1	1	1	1	1	1	1	1	1	1	1	1	1	1	1	1	NA	1	1	1	1	1	1	1	1	1	1	1	1	NA	1	1	1	1
rs1942399	1	1	1	1	1	1	1	1	1	1	1	1	1	1	1	1	1	1	1	1	1	1	1	1	1	1	1	1	1	1	1	1	1	1	1	1	1	1	1	1	1	1	1	1	1	1	1	1	1	1	1	1	1	1	1	1	1	1	1	1	1	1	1	1	1	1	1	1	1	1	1	1	1	1	1	1	1	1	1	1	1	1	1	1	1	1	1	1	1	1	1	1	1	1	1	1	1	1	1	1	1	1	1	1	1	1	1	1	1	1	1	1	1	1	1	1	1	1	1	1	1	1	1	1	1	1	1	1	1	NA	1	1	1	1	1	1	1	1	1	1	1	1	1	1	1	1	1
rs2006996	1	1	1	1	1	1	1	1	1	1	1	1	1	1	1	1	1	1	1	1	1	1	1	1	1	1	1	1	1	1	1	1	1	1	1	1	1	1	1	1	1	1	1	1	1	1	1	1	1	1	1	1	1	1	1	1	1	1	1	1	1	1	1	1	1	1	1	1	1	1	1	1	1	1	1	1	1	1	1	1	1	1	1	1	1	1	1	1	1	1	1	1	1	1	1	1	1	1	1	1	1	1	1	1	1	1	1	1	1	1	1	1	1	1	1	1	1	1	1	1	1	1	1	1	1	1	1	1	1	1	1	1	1	1	1	1	1	1	1	1	1	1	1	1	1	1	1
rs342885	1	1	1	1	1	1	1	1	1	1	1	1	1	1	1	1	1	1	1	1	1	1	1	1	1	1	1	1	1	1	1	1	1	1	NA	1	1	1	1	1	0	1	1	1	1	1	1	1	1	1	1	1	1	1	1	1	1	1	1	1	1	1	1	1	1	1	1	1	1	1	1	1	1	1	1	1	1	1	1	1	1	1	1	1	1	1	1	1	1	1	1	1	1	1	1	1	1	1	1	1	1	1	1	1	1	1	1	NA	1	1	1	1	1	1	1	1	1	1	1	1	1	1	1	1	1	1	1	1	1	NA	1	1	1	1	1	1	1	1	1	1	1	1	1	1	1	1	1
rs5443	1	1	1	1	1	1	1	1	1	1	1	1	1	1	1	1	1	1	1	1	1	1	1	1	1	1	1	1	1	1	1	1	1	1	1	1	1	1	1	1	1	1	1	1	NA	1	1	1	1	1	1	1	1	1	1	1	1	1	1	1	1	1	1	1	1	1	1	1	1	1	1	1	1	1	1	1	1	1	1	1	1	1	1	1	1	1	1	1	1	1	1	1	1	1	1	1	1	1	1	1	1	1	1	1	1	1	1	1	1	1	1	1	1	1	1	1	1	1	1	1	1	1	1	1	1	1	1	1	1	1	1	1	1	1	1	1	1	1	1	1	1	1	1	NA	1	1	1
rs969539	1	1	1	NA	1	1	1	1	1	1	1	1	1	NA	1	1	1	1	1	1	1	1	1	NA	1	1	1	1	1	1	1	1	1	1	NA	1	1	0	1	1	1	1	1	1	1	1	1	1	1	1	0	1	1	1	1	1	1	1	1	1	1	1	1	1	1	1	1	1	1	NA	1	1	1	1	1	1	1	1	1	1	1	1	1	1	1	1	1	1	1	1	1	1	1	1	1	1	1	1	1	1	1	1	1	1	1	1	1	1	1	1	1	1	1	1	1	1	1	1	1	1	1	1	NA	1	1	1	1	1	1	1	1	1	1	1	1	1	1	1	1	1	1	1	1	1	1	1	1
rs985492	1	1	1	1	1	1	1	1	1	1	1	1	1	1	1	1	1	1	1	1	1	1	1	1	1	1	1	1	1	1	1	1	1	1	1	1	1	1	1	1	1	1	1	1	1	1	1	1	1	1	1	1	1	1	1	1	1	1	1	1	1	1	1	1	1	1	1	1	1	1	1	1	1	1	1	1	1	1	1	1	1	1	1	1	1	1	1	1	1	1	1	1	1	1	1	1	1	1	1	1	1	1	1	1	1	1	1	1	1	1	1	1	1	1	1	1	1	1	1	1	1	1	1	1	1	1	1	1	1	1	1	1	1	1	1	1	1	1	1	1	1	1	1	1	1	1	1
